0 468.0 571.0 258.0 306.0 
0 388.0 700.0 126.0 324.0 
0 245.0 621.0 214.0 162.0 
0 174.0 416.0 312.0 226.0 
0 628.0 46.0 199.0 372.0 
0 458.0 1.0 121.0 249.0 
0 265.0 49.0 94.0 230.0 
0 256.0 248.0 263.0 193.0 
0 719.0 668.0 99.0 179.0 
0 889.0 548.0 131.0 78.0 
0 902.0 632.0 89.0 119.0 
0 879.0 718.0 77.0 86.0 
0 913.0 825.0 39.0 109.0 
0 101.0 767.0 46.0 109.0 
0 47.0 752.0 38.0 88.0 
0 530.0 913.0 85.0 63.0 
0 708.0 867.0 74.0 98.0 
0 860.0 914.0 49.0 38.0 
0 684.0 694.0 50.0 101.0 
0 923.0 320.0 72.0 202.0 
0 532.0 272.0 235.0 276.0 
