0 363.0 626.0 78.0 107.0 
0 402.0 418.0 67.0 81.0 
0 57.0 686.0 63.0 92.0 
0 75.0 502.0 60.0 51.0 
0 339.0 577.0 50.0 60.0 
0 302.0 634.0 45.0 84.0 
0 262.0 495.0 47.0 43.0 
0 230.0 511.0 36.0 39.0 
0 313.0 278.0 56.0 27.0 
0 635.0 326.0 47.0 36.0 
0 576.0 84.0 57.0 69.0 
0 854.0 404.0 50.0 60.0 
0 702.0 528.0 35.0 55.0 
0 504.0 585.0 56.0 58.0 
0 603.0 350.0 41.0 56.0 
0 127.0 645.0 34.0 85.0 
0 218.0 646.0 55.0 84.0 
0 594.0 230.0 24.0 45.0 
0 447.0 210.0 51.0 43.0 
0 455.0 159.0 50.0 42.0 
0 346.0 200.0 45.0 32.0 
0 347.0 244.0 43.0 26.0 
0 229.0 165.0 35.0 57.0 
0 157.0 259.0 47.0 30.0 
0 196.0 218.0 42.0 32.0 
0 124.0 397.0 32.0 42.0 
0 93.0 431.0 36.0 63.0 
0 459.0 674.0 32.0 78.0 
0 886.0 590.0 31.0 43.0 
0 724.0 508.0 34.0 45.0 
0 754.0 259.0 39.0 45.0 
0 675.0 317.0 43.0 31.0 
0 963.0 381.0 41.0 44.0 
0 994.0 365.0 28.0 31.0 
0 870.0 711.0 26.0 53.0 
0 643.0 684.0 26.0 41.0 
0 618.0 637.0 19.0 45.0 
0 552.0 793.0 27.0 45.0 
0 706.0 706.0 22.0 43.0 
0 747.0 647.0 26.0 45.0 
0 722.0 625.0 23.0 26.0 
