0 776.0 550.0 178.0 141.0 
0 793.0 648.0 162.0 159.0 
0 799.0 763.0 154.0 175.0 
0 801.0 882.0 125.0 142.0 
0 659.0 871.0 139.0 128.0 
0 642.0 765.0 160.0 149.0 
0 631.0 666.0 157.0 171.0 
0 619.0 554.0 160.0 162.0 
0 613.0 466.0 142.0 130.0 
0 759.0 450.0 159.0 106.0 
0 610.0 383.0 125.0 101.0 
0 737.0 371.0 152.0 92.0 
0 304.0 476.0 151.0 95.0 
0 262.0 563.0 156.0 84.0 
0 225.0 636.0 150.0 87.0 
0 211.0 714.0 134.0 84.0 
0 333.0 734.0 89.0 126.0 
0 366.0 663.0 93.0 140.0 
0 403.0 590.0 95.0 137.0 
0 441.0 522.0 96.0 130.0 
0 217.0 249.0 91.0 107.0 
0 289.0 205.0 121.0 92.0 
0 151.0 198.0 140.0 89.0 
0 1.0 159.0 141.0 119.0 
0 4.0 540.0 65.0 137.0 
0 38.0 444.0 49.0 129.0 
0 38.0 828.0 57.0 129.0 
0 62.0 779.0 81.0 97.0 
0 78.0 655.0 98.0 88.0 
0 95.0 602.0 95.0 82.0 
0 105.0 539.0 93.0 74.0 
0 130.0 492.0 85.0 67.0 
0 451.0 863.0 119.0 74.0 
0 355.0 907.0 105.0 115.0 
