0 493.0 370.0 226.0 167.0 
0 735.0 357.0 228.0 158.0 
0 686.0 502.0 225.0 258.0 
0 524.0 533.0 166.0 116.0 
0 354.0 547.0 158.0 149.0 
0 476.0 75.0 155.0 183.0 
0 379.0 265.0 202.0 171.0 
0 248.0 168.0 212.0 176.0 
0 239.0 8.0 180.0 136.0 
0 376.0 89.0 111.0 110.0 
0 433.0 1.0 89.0 87.0 
0 253.0 616.0 105.0 134.0 
0 232.0 462.0 175.0 127.0 
0 193.0 746.0 140.0 94.0 
0 323.0 770.0 140.0 81.0 
0 379.0 850.0 103.0 81.0 
0 158.0 872.0 129.0 76.0 
0 564.0 853.0 78.0 74.0 
0 215.0 332.0 149.0 135.0 
0 269.0 934.0 79.0 90.0 
0 117.0 948.0 138.0 76.0 
0 480.0 944.0 86.0 58.0 
0 492.0 879.0 73.0 64.0 
0 449.0 632.0 146.0 167.0 
