0 403.0 449.0 222.0 337.0 
0 180.0 459.0 291.0 285.0 
0 238.0 169.0 136.0 256.0 
0 695.0 180.0 109.0 264.0 
0 822.0 170.0 182.0 252.0 
0 666.0 1.0 110.0 171.0 
0 552.0 1.0 113.0 141.0 
0 361.0 1.0 106.0 115.0 
0 176.0 1.0 103.0 159.0 
0 3.0 605.0 209.0 367.0 
0 214.0 652.0 121.0 253.0 
0 353.0 637.0 112.0 256.0 
0 372.0 941.0 150.0 83.0 
0 730.0 468.0 241.0 102.0 
0 134.0 958.0 92.0 66.0 
0 842.0 958.0 125.0 66.0 
0 581.0 207.0 128.0 234.0 
0 471.0 377.0 246.0 71.0 
0 1.0 96.0 139.0 245.0 
0 25.0 391.0 61.0 86.0 
