0 148.0 35.0 265.0 177.0 
0 500.0 434.0 169.0 111.0 
0 609.0 512.0 106.0 173.0 
0 305.0 554.0 229.0 102.0 
0 66.0 728.0 112.0 260.0 
0 251.0 751.0 203.0 103.0 
0 394.0 639.0 108.0 176.0 
0 367.0 839.0 123.0 185.0 
0 307.0 842.0 90.0 131.0 
0 207.0 841.0 101.0 130.0 
0 178.0 887.0 64.0 103.0 
0 496.0 819.0 56.0 106.0 
0 502.0 612.0 78.0 190.0 
0 800.0 443.0 122.0 138.0 
0 758.0 571.0 139.0 72.0 
0 871.0 591.0 61.0 90.0 
0 818.0 659.0 91.0 113.0 
0 669.0 690.0 83.0 217.0 
0 701.0 837.0 100.0 76.0 
0 896.0 806.0 97.0 217.0 
0 891.0 318.0 114.0 113.0 
0 900.0 442.0 96.0 57.0 
0 654.0 313.0 86.0 168.0 
0 822.0 1.0 89.0 106.0 
0 716.0 1.0 109.0 102.0 
0 846.0 106.0 72.0 39.0 
0 894.0 756.0 86.0 61.0 
0 823.0 944.0 79.0 80.0 
0 611.0 825.0 49.0 187.0 
