0 329.0 66.0 31.0 27.0 
0 326.0 31.0 37.0 18.0 
0 251.0 63.0 33.0 10.0 
0 111.0 52.0 26.0 17.0 
0 127.0 63.0 32.0 16.0 
0 222.0 213.0 38.0 11.0 
0 194.0 221.0 30.0 11.0 
0 221.0 131.0 18.0 16.0 
0 294.0 124.0 35.0 12.0 
0 129.0 82.0 33.0 8.0 
0 262.0 92.0 18.0 13.0 
0 378.0 104.0 19.0 21.0 
0 365.0 77.0 26.0 15.0 
0 368.0 31.0 22.0 15.0 
0 92.0 21.0 17.0 22.0 
0 129.0 26.0 26.0 20.0 
0 212.0 33.0 21.0 17.0 
0 95.0 147.0 28.0 11.0 
0 108.0 103.0 29.0 22.0 
0 144.0 113.0 30.0 12.0 
0 134.0 95.0 26.0 21.0 
0 245.0 118.0 23.0 13.0 
0 337.0 238.0 48.0 16.0 
0 346.0 221.0 31.0 15.0 
0 332.0 194.0 39.0 15.0 
0 342.0 163.0 39.0 23.0 
0 305.0 143.0 28.0 25.0 
0 280.0 165.0 36.0 13.0 
0 58.0 200.0 18.0 31.0 
0 114.0 216.0 46.0 20.0 
0 132.0 228.0 42.0 18.0 
0 144.0 191.0 44.0 17.0 
0 85.0 188.0 50.0 21.0 
0 165.0 163.0 20.0 16.0 
0 150.0 151.0 17.0 19.0 
0 166.0 136.0 28.0 11.0 
0 195.0 126.0 20.0 19.0 
0 185.0 145.0 23.0 13.0 
0 202.0 177.0 35.0 15.0 
0 238.0 171.0 26.0 17.0 
0 246.0 186.0 33.0 13.0 
0 202.0 191.0 44.0 11.0 
