0 556.0 671.0 56.0 72.0 
0 117.0 817.0 57.0 65.0 
0 82.0 504.0 51.0 83.0 
0 6.0 571.0 46.0 61.0 
0 76.0 636.0 35.0 55.0 
0 54.0 759.0 24.0 51.0 
0 228.0 865.0 49.0 79.0 
0 738.0 313.0 31.0 46.0 
0 621.0 304.0 33.0 42.0 
0 612.0 234.0 26.0 46.0 
0 363.0 178.0 23.0 43.0 
0 347.0 210.0 19.0 34.0 
0 341.0 276.0 25.0 36.0 
0 391.0 354.0 29.0 41.0 
0 427.0 363.0 31.0 47.0 
0 413.0 386.0 20.0 25.0 
0 398.0 395.0 21.0 29.0 
0 329.0 452.0 25.0 29.0 
0 168.0 567.0 28.0 27.0 
0 136.0 614.0 26.0 27.0 
0 269.0 587.0 19.0 29.0 
0 835.0 208.0 29.0 38.0 
0 806.0 192.0 29.0 48.0 
0 797.0 128.0 29.0 40.0 
0 825.0 149.0 29.0 32.0 
0 876.0 204.0 35.0 57.0 
0 856.0 344.0 41.0 55.0 
0 599.0 123.0 32.0 43.0 
