0 191.0 244.0 63.0 56.0 
0 234.0 213.0 18.0 36.0 
0 47.0 377.0 15.0 36.0 
0 51.0 325.0 18.0 38.0 
0 67.0 338.0 16.0 27.0 
0 157.0 186.0 23.0 23.0 
0 152.0 220.0 28.0 44.0 
0 264.0 253.0 34.0 31.0 
0 353.0 197.0 62.0 43.0 
0 330.0 214.0 23.0 38.0 
0 248.0 120.0 20.0 49.0 
0 260.0 196.0 28.0 52.0 
0 291.0 214.0 19.0 37.0 
0 93.0 266.0 20.0 34.0 
0 114.0 267.0 29.0 49.0 
0 74.0 293.0 16.0 38.0 
0 96.0 333.0 16.0 38.0 
0 90.0 192.0 27.0 26.0 
0 216.0 134.0 28.0 69.0 
0 304.0 126.0 20.0 67.0 
0 195.0 308.0 57.0 41.0 
0 259.0 344.0 46.0 55.0 
0 181.0 268.0 21.0 35.0 
0 150.0 262.0 28.0 37.0 
0 80.0 235.0 26.0 37.0 
0 91.0 140.0 28.0 42.0 
0 104.0 108.0 30.0 54.0 
0 10.0 183.0 49.0 82.0 
0 0.0 281.0 43.0 74.0 
0 111.0 360.0 69.0 52.0 
0 133.0 305.0 62.0 64.0 
0 158.0 304.0 29.0 44.0 
