0 370.0 138.0 111.0 102.0 
0 592.0 192.0 94.0 52.0 
0 194.0 417.0 116.0 64.0 
0 210.0 564.0 59.0 142.0 
0 39.0 688.0 104.0 95.0 
0 125.0 722.0 92.0 120.0 
0 465.0 491.0 116.0 114.0 
0 387.0 476.0 61.0 91.0 
0 618.0 770.0 94.0 155.0 
0 548.0 842.0 50.0 143.0 
0 639.0 924.0 103.0 64.0 
0 663.0 622.0 91.0 66.0 
0 628.0 570.0 66.0 61.0 
0 656.0 353.0 39.0 112.0 
0 332.0 933.0 64.0 76.0 
0 730.0 613.0 79.0 41.0 
0 738.0 543.0 89.0 38.0 
0 753.0 367.0 72.0 50.0 
0 509.0 113.0 47.0 87.0 
0 480.0 196.0 64.0 81.0 
0 369.0 265.0 91.0 64.0 
0 542.0 264.0 124.0 63.0 
0 401.0 330.0 84.0 92.0 
0 444.0 920.0 69.0 104.0 
0 430.0 725.0 118.0 93.0 
0 569.0 400.0 58.0 101.0 
0 561.0 67.0 43.0 92.0 
0 228.0 351.0 31.0 50.0 
0 24.0 525.0 65.0 32.0 
0 324.0 433.0 52.0 72.0 
0 284.0 621.0 36.0 51.0 
0 375.0 587.0 67.0 93.0 
