0 84.0 113.0 148.0 116.0 
0 1.0 143.0 70.0 131.0 
0 183.0 23.0 81.0 159.0 
0 237.0 208.0 82.0 136.0 
0 272.0 98.0 87.0 109.0 
0 39.0 258.0 96.0 170.0 
0 1.0 436.0 104.0 132.0 
0 107.0 411.0 114.0 79.0 
0 151.0 469.0 103.0 108.0 
0 182.0 223.0 86.0 176.0 
0 345.0 153.0 108.0 68.0 
0 491.0 260.0 88.0 64.0 
0 363.0 3.0 78.0 103.0 
0 437.0 77.0 47.0 79.0 
0 107.0 574.0 54.0 101.0 
0 20.0 636.0 86.0 80.0 
0 121.0 675.0 50.0 80.0 
0 181.0 661.0 64.0 119.0 
0 266.0 614.0 78.0 57.0 
0 356.0 442.0 63.0 136.0 
0 404.0 503.0 109.0 95.0 
0 342.0 581.0 77.0 152.0 
0 214.0 764.0 135.0 98.0 
0 135.0 784.0 85.0 127.0 
0 1.0 806.0 131.0 91.0 
0 321.0 825.0 146.0 110.0 
0 255.0 886.0 99.0 138.0 
0 147.0 906.0 85.0 98.0 
0 40.0 888.0 94.0 136.0 
0 446.0 683.0 113.0 138.0 
0 529.0 823.0 65.0 143.0 
0 583.0 779.0 70.0 113.0 
0 528.0 128.0 81.0 157.0 
0 571.0 55.0 78.0 144.0 
0 510.0 1.0 91.0 52.0 
0 571.0 296.0 66.0 146.0 
0 466.0 382.0 151.0 122.0 
0 588.0 882.0 112.0 85.0 
0 726.0 817.0 67.0 67.0 
0 685.0 733.0 91.0 85.0 
0 649.0 583.0 100.0 104.0 
0 749.0 578.0 81.0 99.0 
0 703.0 441.0 73.0 137.0 
0 643.0 318.0 53.0 137.0 
0 685.0 127.0 97.0 99.0 
0 619.0 482.0 100.0 110.0 
0 823.0 433.0 97.0 188.0 
0 791.0 699.0 85.0 117.0 
0 918.0 772.0 73.0 126.0 
0 911.0 655.0 73.0 114.0 
0 833.0 327.0 71.0 106.0 
0 694.0 345.0 141.0 103.0 
0 726.0 225.0 75.0 128.0 
0 896.0 346.0 107.0 87.0 
0 891.0 887.0 52.0 72.0 
0 957.0 947.0 64.0 41.0 
0 751.0 972.0 37.0 44.0 
