0 337.0 187.0 36.0 36.0 
0 268.0 180.0 34.0 35.0 
0 251.0 175.0 14.0 37.0 
0 98.0 184.0 19.0 47.0 
0 125.0 190.0 24.0 35.0 
0 160.0 208.0 29.0 29.0 
0 186.0 151.0 21.0 40.0 
0 212.0 184.0 26.0 26.0 
0 14.0 27.0 74.0 109.0 
0 92.0 92.0 47.0 74.0 
0 346.0 130.0 52.0 112.0 
0 341.0 1.0 73.0 105.0 
0 237.0 1.0 73.0 87.0 
0 66.0 1.0 109.0 99.0 
0 111.0 285.0 45.0 67.0 
0 0.0 231.0 115.0 106.0 
0 211.0 54.0 131.0 71.0 
0 268.0 112.0 52.0 77.0 
0 319.0 246.0 61.0 120.0 
0 286.0 229.0 45.0 116.0 
0 170.0 250.0 64.0 78.0 
0 127.0 256.0 87.0 128.0 
0 202.0 217.0 72.0 111.0 
