0 275.0 364.0 36.0 51.0 
0 229.0 345.0 51.0 70.0 
0 88.0 364.0 30.0 51.0 
0 203.0 171.0 27.0 71.0 
0 175.0 254.0 35.0 42.0 
0 31.0 187.0 26.0 32.0 
0 41.0 221.0 53.0 62.0 
0 228.0 263.0 30.0 32.0 
0 260.0 40.0 26.0 87.0 
0 303.0 11.0 29.0 83.0 
0 344.0 53.0 29.0 79.0 
0 379.0 100.0 36.0 55.0 
0 340.0 133.0 42.0 84.0 
0 299.0 161.0 31.0 55.0 
0 289.0 219.0 26.0 75.0 
0 265.0 152.0 23.0 46.0 
0 231.0 112.0 26.0 101.0 
0 174.0 18.0 36.0 85.0 
0 130.0 4.0 44.0 81.0 
0 61.0 156.0 27.0 46.0 
0 112.0 147.0 40.0 71.0 
0 148.0 140.0 29.0 76.0 
0 166.0 87.0 18.0 94.0 
0 179.0 118.0 22.0 76.0 
0 163.0 192.0 31.0 64.0 
