0 80.0 317.0 16.0 14.0 
0 20.0 374.0 11.0 24.0 
0 21.0 358.0 12.0 18.0 
0 46.0 345.0 12.0 29.0 
0 89.0 373.0 19.0 17.0 
0 110.0 278.0 11.0 29.0 
0 123.0 272.0 16.0 25.0 
0 136.0 284.0 24.0 17.0 
0 115.0 384.0 22.0 21.0 
0 59.0 310.0 12.0 10.0 
0 17.0 261.0 24.0 25.0 
0 84.0 280.0 10.0 13.0 
0 31.0 370.0 14.0 26.0 
0 149.0 323.0 25.0 34.0 
0 139.0 294.0 26.0 32.0 
0 116.0 314.0 27.0 19.0 
0 108.0 347.0 25.0 22.0 
0 63.0 323.0 11.0 26.0 
0 277.0 336.0 95.0 65.0 
0 258.0 271.0 97.0 65.0 
0 12.0 86.0 20.0 20.0 
0 68.0 156.0 27.0 36.0 
0 76.0 84.0 14.0 14.0 
0 105.0 101.0 16.0 17.0 
0 134.0 49.0 27.0 31.0 
0 10.0 122.0 15.0 42.0 
0 115.0 85.0 19.0 17.0 
0 129.0 114.0 27.0 24.0 
0 108.0 144.0 17.0 32.0 
0 102.0 119.0 16.0 17.0 
0 91.0 87.0 16.0 12.0 
0 42.0 120.0 24.0 32.0 
0 17.0 55.0 28.0 41.0 
0 51.0 59.0 22.0 34.0 
0 141.0 152.0 28.0 30.0 
