0 40.0 965.0 32.0 59.0 
0 15.0 956.0 44.0 24.0 
0 105.0 944.0 28.0 36.0 
0 125.0 954.0 26.0 40.0 
0 123.0 905.0 41.0 27.0 
0 124.0 818.0 25.0 57.0 
0 90.0 822.0 22.0 54.0 
0 50.0 798.0 22.0 62.0 
0 39.0 732.0 52.0 33.0 
0 18.0 749.0 21.0 52.0 
0 45.0 699.0 32.0 19.0 
0 78.0 686.0 21.0 32.0 
0 131.0 675.0 31.0 54.0 
0 127.0 745.0 18.0 20.0 
0 98.0 760.0 30.0 31.0 
0 68.0 788.0 28.0 16.0 
0 144.0 794.0 16.0 34.0 
0 151.0 783.0 21.0 14.0 
0 162.0 768.0 21.0 14.0 
0 154.0 728.0 14.0 35.0 
0 168.0 709.0 27.0 16.0 
0 165.0 851.0 29.0 54.0 
0 171.0 912.0 37.0 26.0 
0 244.0 946.0 40.0 36.0 
0 97.0 984.0 25.0 39.0 
0 69.0 962.0 27.0 31.0 
0 65.0 866.0 43.0 34.0 
0 23.0 859.0 37.0 23.0 
0 5.0 881.0 25.0 26.0 
0 109.0 626.0 22.0 42.0 
0 135.0 636.0 41.0 34.0 
0 68.0 647.0 37.0 24.0 
0 12.0 664.0 51.0 26.0 
0 41.0 578.0 25.0 48.0 
0 22.0 599.0 29.0 19.0 
0 37.0 633.0 16.0 29.0 
0 162.0 668.0 17.0 25.0 
0 165.0 592.0 31.0 29.0 
0 137.0 571.0 19.0 36.0 
0 77.0 605.0 13.0 26.0 
0 69.0 565.0 15.0 36.0 
0 82.0 583.0 31.0 22.0 
0 50.0 514.0 22.0 33.0 
0 17.0 497.0 33.0 19.0 
0 16.0 470.0 35.0 22.0 
0 66.0 432.0 21.0 30.0 
0 71.0 403.0 36.0 26.0 
0 47.0 393.0 24.0 37.0 
0 22.0 398.0 17.0 35.0 
0 199.0 628.0 26.0 39.0 
0 217.0 664.0 22.0 48.0 
0 225.0 708.0 25.0 37.0 
0 6.0 350.0 36.0 37.0 
0 164.0 463.0 35.0 18.0 
0 139.0 351.0 26.0 36.0 
0 128.0 391.0 32.0 21.0 
0 254.0 442.0 20.0 35.0 
0 217.0 291.0 17.0 29.0 
0 110.0 272.0 16.0 21.0 
0 205.0 211.0 18.0 29.0 
0 212.0 879.0 37.0 53.0 
0 221.0 848.0 23.0 28.0 
0 228.0 820.0 20.0 26.0 
0 255.0 781.0 21.0 18.0 
0 262.0 731.0 22.0 33.0 
0 284.0 728.0 19.0 42.0 
0 335.0 953.0 22.0 15.0 
0 338.0 969.0 20.0 19.0 
0 356.0 936.0 19.0 23.0 
0 306.0 976.0 15.0 27.0 
0 284.0 1004.0 18.0 16.0 
0 274.0 799.0 11.0 27.0 
0 253.0 815.0 22.0 18.0 
0 296.0 827.0 15.0 30.0 
0 270.0 855.0 20.0 29.0 
0 353.0 785.0 17.0 32.0 
0 343.0 769.0 26.0 20.0 
0 336.0 696.0 23.0 34.0 
0 310.0 681.0 20.0 48.0 
0 319.0 761.0 25.0 22.0 
0 340.0 746.0 25.0 15.0 
0 380.0 740.0 16.0 45.0 
0 448.0 767.0 18.0 47.0 
0 390.0 677.0 27.0 32.0 
0 363.0 684.0 28.0 39.0 
0 315.0 609.0 32.0 23.0 
0 241.0 652.0 35.0 24.0 
0 258.0 624.0 34.0 22.0 
0 254.0 703.0 19.0 33.0 
0 331.0 825.0 15.0 32.0 
0 366.0 887.0 11.0 25.0 
0 358.0 903.0 9.0 22.0 
0 385.0 593.0 34.0 24.0 
0 370.0 569.0 16.0 44.0 
0 307.0 559.0 17.0 48.0 
0 348.0 577.0 11.0 31.0 
0 221.0 464.0 19.0 32.0 
0 201.0 451.0 18.0 25.0 
0 265.0 347.0 21.0 34.0 
0 295.0 384.0 28.0 30.0 
0 292.0 414.0 33.0 22.0 
0 261.0 309.0 29.0 17.0 
0 407.0 226.0 21.0 47.0 
0 383.0 222.0 32.0 25.0 
0 510.0 262.0 26.0 42.0 
0 345.0 835.0 17.0 27.0 
0 456.0 850.0 21.0 14.0 
0 455.0 833.0 19.0 14.0 
0 392.0 934.0 12.0 27.0 
0 619.0 918.0 18.0 26.0 
0 609.0 924.0 11.0 27.0 
0 638.0 880.0 10.0 22.0 
0 577.0 820.0 12.0 24.0 
0 554.0 656.0 13.0 31.0 
