0 6.0 145.0 49.0 76.0 
0 227.0 227.0 48.0 79.0 
0 361.0 239.0 47.0 68.0 
0 336.0 228.0 27.0 50.0 
0 129.0 107.0 40.0 42.0 
0 15.0 224.0 33.0 64.0 
0 38.0 318.0 38.0 55.0 
0 69.0 239.0 27.0 64.0 
0 71.0 134.0 41.0 70.0 
0 93.0 10.0 71.0 69.0 
0 175.0 1.0 82.0 41.0 
0 322.0 30.0 64.0 49.0 
0 334.0 89.0 75.0 124.0 
0 216.0 95.0 73.0 89.0 
0 269.0 123.0 36.0 71.0 
0 329.0 327.0 44.0 87.0 
0 221.0 307.0 77.0 76.0 
0 90.0 314.0 77.0 100.0 
0 123.0 275.0 48.0 53.0 
0 137.0 224.0 45.0 43.0 
0 193.0 223.0 44.0 43.0 
0 165.0 276.0 38.0 113.0 
