0 763.0 426.0 261.0 163.0 
0 386.0 346.0 265.0 113.0 
0 6.0 1.0 182.0 242.0 
0 287.0 417.0 121.0 221.0 
0 383.0 689.0 125.0 88.0 
0 676.0 548.0 86.0 233.0 
0 768.0 581.0 175.0 121.0 
0 829.0 196.0 119.0 101.0 
0 904.0 26.0 120.0 79.0 
0 798.0 849.0 116.0 175.0 
0 673.0 908.0 152.0 103.0 
0 540.0 726.0 83.0 260.0 
0 563.0 531.0 120.0 179.0 
0 921.0 851.0 88.0 159.0 
0 184.0 781.0 124.0 154.0 
0 49.0 781.0 104.0 184.0 
0 23.0 637.0 107.0 181.0 
0 1.0 553.0 124.0 157.0 
0 1.0 248.0 73.0 195.0 
0 236.0 175.0 111.0 309.0 
0 471.0 149.0 153.0 89.0 
0 332.0 777.0 114.0 247.0 
0 421.0 785.0 56.0 151.0 
0 279.0 699.0 105.0 72.0 
