0 533.0 448.0 106.0 60.0 
0 451.0 458.0 44.0 61.0 
0 649.0 696.0 89.0 34.0 
0 626.0 652.0 59.0 36.0 
0 544.0 631.0 74.0 43.0 
0 63.0 74.0 35.0 33.0 
0 91.0 106.0 50.0 25.0 
0 125.0 152.0 43.0 28.0 
0 122.0 182.0 59.0 27.0 
0 112.0 326.0 57.0 23.0 
0 1.0 322.0 38.0 34.0 
0 30.0 376.0 71.0 32.0 
0 183.0 390.0 50.0 26.0 
0 202.0 366.0 65.0 29.0 
0 197.0 302.0 30.0 29.0 
0 112.0 541.0 35.0 25.0 
0 112.0 596.0 45.0 27.0 
0 1.0 602.0 72.0 30.0 
0 1.0 650.0 56.0 39.0 
0 78.0 679.0 35.0 21.0 
0 26.0 772.0 44.0 32.0 
0 201.0 787.0 42.0 35.0 
0 213.0 673.0 29.0 34.0 
0 247.0 591.0 68.0 44.0 
0 349.0 585.0 61.0 43.0 
0 260.0 509.0 38.0 29.0 
0 224.0 549.0 31.0 25.0 
0 171.0 547.0 48.0 18.0 
0 188.0 568.0 42.0 15.0 
0 168.0 608.0 59.0 27.0 
0 92.0 266.0 84.0 20.0 
0 188.0 200.0 25.0 21.0 
0 206.0 182.0 28.0 24.0 
0 206.0 118.0 23.0 27.0 
0 301.0 125.0 34.0 12.0 
0 289.0 108.0 16.0 26.0 
0 314.0 153.0 45.0 31.0 
0 325.0 293.0 71.0 33.0 
0 267.0 345.0 49.0 33.0 
0 390.0 372.0 47.0 38.0 
0 377.0 264.0 62.0 30.0 
0 400.0 468.0 56.0 50.0 
0 324.0 459.0 30.0 26.0 
0 287.0 764.0 49.0 31.0 
0 431.0 194.0 48.0 22.0 
0 431.0 156.0 31.0 33.0 
0 453.0 261.0 42.0 37.0 
0 536.0 232.0 35.0 39.0 
0 539.0 305.0 92.0 30.0 
0 513.0 316.0 39.0 30.0 
0 549.0 513.0 100.0 52.0 
0 498.0 821.0 27.0 32.0 
0 690.0 301.0 25.0 24.0 
0 663.0 382.0 49.0 20.0 
0 718.0 618.0 67.0 18.0 
0 729.0 637.0 54.0 30.0 
0 692.0 633.0 36.0 32.0 
0 777.0 742.0 36.0 23.0 
0 925.0 19.0 30.0 34.0 
0 955.0 9.0 43.0 21.0 
0 962.0 38.0 27.0 26.0 
0 780.0 66.0 24.0 27.0 
0 814.0 124.0 58.0 23.0 
0 779.0 373.0 42.0 21.0 
0 790.0 394.0 38.0 20.0 
0 848.0 425.0 25.0 23.0 
0 885.0 418.0 30.0 25.0 
0 753.0 542.0 34.0 19.0 
0 727.0 551.0 33.0 14.0 
0 966.0 548.0 55.0 32.0 
0 956.0 681.0 49.0 23.0 
0 910.0 722.0 33.0 42.0 
