0 419.0 453.0 264.0 268.0 
0 56.0 267.0 196.0 280.0 
0 188.0 207.0 215.0 170.0 
0 373.0 154.0 171.0 286.0 
0 285.0 1.0 120.0 209.0 
0 351.0 574.0 174.0 344.0 
0 518.0 822.0 80.0 132.0 
0 609.0 830.0 133.0 134.0 
0 756.0 852.0 89.0 140.0 
0 840.0 905.0 176.0 119.0 
0 830.0 240.0 131.0 107.0 
0 783.0 132.0 51.0 151.0 
0 705.0 279.0 95.0 118.0 
0 627.0 333.0 109.0 123.0 
0 1.0 851.0 108.0 132.0 
0 287.0 842.0 87.0 169.0 
0 157.0 962.0 162.0 62.0 
0 507.0 970.0 90.0 54.0 
0 863.0 363.0 121.0 93.0 
0 976.0 252.0 48.0 138.0 
0 96.0 2.0 104.0 270.0 
0 563.0 1.0 141.0 104.0 
0 865.0 46.0 81.0 93.0 
0 733.0 768.0 78.0 91.0 
0 965.0 846.0 59.0 69.0 
0 154.0 582.0 147.0 265.0 
