0 49.0 44.0 38.0 43.0 
0 49.0 100.0 44.0 34.0 
0 2.0 122.0 40.0 40.0 
0 43.0 152.0 36.0 39.0 
0 117.0 60.0 37.0 58.0 
0 163.0 99.0 61.0 37.0 
0 179.0 46.0 52.0 51.0 
0 202.0 75.0 59.0 31.0 
0 113.0 119.0 45.0 32.0 
0 45.0 188.0 34.0 44.0 
0 78.0 201.0 49.0 33.0 
0 147.0 152.0 46.0 40.0 
0 132.0 182.0 48.0 36.0 
0 16.0 24.0 37.0 44.0 
0 250.0 152.0 31.0 51.0 
0 270.0 179.0 55.0 45.0 
0 239.0 192.0 31.0 52.0 
0 253.0 239.0 41.0 34.0 
0 283.0 244.0 44.0 43.0 
0 327.0 250.0 41.0 33.0 
0 310.0 287.0 49.0 44.0 
0 261.0 296.0 37.0 43.0 
0 270.0 372.0 43.0 43.0 
0 238.0 366.0 31.0 49.0 
0 203.0 350.0 33.0 49.0 
0 235.0 339.0 73.0 30.0 
0 99.0 345.0 36.0 26.0 
0 86.0 367.0 31.0 43.0 
0 71.0 332.0 37.0 37.0 
0 85.0 312.0 46.0 28.0 
0 95.0 241.0 39.0 63.0 
0 66.0 233.0 34.0 57.0 
0 142.0 271.0 42.0 37.0 
0 182.0 214.0 32.0 51.0 
0 191.0 254.0 41.0 36.0 
0 230.0 266.0 40.0 39.0 
