0 136.0 688.0 201.0 256.0 
0 271.0 693.0 156.0 298.0 
0 156.0 616.0 218.0 103.0 
0 196.0 550.0 208.0 72.0 
0 246.0 488.0 176.0 60.0 
0 300.0 436.0 146.0 50.0 
0 351.0 367.0 114.0 65.0 
0 390.0 331.0 82.0 47.0 
0 432.0 677.0 192.0 294.0 
0 421.0 598.0 174.0 125.0 
0 433.0 529.0 148.0 75.0 
0 610.0 671.0 186.0 274.0 
0 596.0 573.0 225.0 104.0 
0 580.0 504.0 204.0 88.0 
0 563.0 439.0 182.0 94.0 
0 760.0 540.0 223.0 212.0 
0 650.0 393.0 207.0 85.0 
0 548.0 379.0 140.0 87.0 
0 440.0 470.0 120.0 66.0 
0 456.0 397.0 95.0 79.0 
0 824.0 779.0 95.0 187.0 
0 66.0 544.0 148.0 251.0 
0 86.0 468.0 167.0 79.0 
0 157.0 180.0 160.0 161.0 
0 554.0 97.0 134.0 96.0 
0 731.0 205.0 172.0 106.0 
0 807.0 312.0 217.0 128.0 
