0 33.0 51.0 60.0 50.0 
0 103.0 30.0 43.0 85.0 
0 144.0 96.0 27.0 37.0 
0 186.0 126.0 33.0 32.0 
0 224.0 130.0 56.0 33.0 
0 248.0 89.0 34.0 41.0 
0 244.0 46.0 45.0 73.0 
0 206.0 9.0 45.0 39.0 
0 183.0 94.0 17.0 32.0 
0 195.0 74.0 21.0 31.0 
0 77.0 128.0 47.0 35.0 
0 39.0 101.0 34.0 44.0 
0 19.0 242.0 81.0 71.0 
0 33.0 311.0 60.0 42.0 
0 82.0 348.0 48.0 62.0 
0 1.0 312.0 32.0 104.0 
0 12.0 166.0 40.0 43.0 
0 81.0 187.0 33.0 57.0 
0 146.0 138.0 45.0 39.0 
0 78.0 1.0 21.0 46.0 
0 54.0 2.0 22.0 46.0 
0 304.0 12.0 33.0 37.0 
0 216.0 226.0 35.0 46.0 
0 182.0 214.0 24.0 39.0 
0 132.0 228.0 36.0 63.0 
0 146.0 287.0 40.0 59.0 
0 23.0 412.0 78.0 54.0 
0 21.0 366.0 59.0 50.0 
0 25.0 471.0 46.0 63.0 
0 75.0 500.0 32.0 35.0 
0 139.0 485.0 48.0 46.0 
0 138.0 526.0 30.0 52.0 
0 195.0 501.0 44.0 50.0 
0 166.0 458.0 45.0 66.0 
0 151.0 418.0 34.0 41.0 
0 1.0 193.0 23.0 48.0 
0 215.0 178.0 18.0 34.0 
0 115.0 577.0 55.0 79.0 
0 171.0 526.0 48.0 84.0 
0 16.0 606.0 90.0 52.0 
0 131.0 653.0 84.0 93.0 
0 107.0 692.0 59.0 151.0 
0 74.0 879.0 108.0 84.0 
0 214.0 648.0 72.0 78.0 
0 170.0 769.0 77.0 86.0 
0 234.0 755.0 35.0 80.0 
0 223.0 850.0 56.0 50.0 
0 93.0 939.0 93.0 85.0 
0 1.0 929.0 54.0 67.0 
0 230.0 936.0 51.0 88.0 
0 165.0 922.0 65.0 71.0 
0 303.0 119.0 16.0 28.0 
0 295.0 307.0 46.0 66.0 
0 274.0 281.0 25.0 31.0 
0 260.0 309.0 26.0 58.0 
0 296.0 371.0 28.0 23.0 
0 302.0 393.0 20.0 51.0 
0 320.0 390.0 33.0 40.0 
0 280.0 394.0 19.0 37.0 
0 258.0 406.0 21.0 80.0 
0 288.0 452.0 14.0 37.0 
0 246.0 528.0 59.0 39.0 
0 298.0 473.0 59.0 80.0 
0 272.0 564.0 33.0 40.0 
0 342.0 549.0 79.0 56.0 
0 362.0 421.0 21.0 59.0 
0 362.0 395.0 29.0 29.0 
0 356.0 211.0 22.0 30.0 
0 323.0 598.0 67.0 89.0 
0 314.0 816.0 30.0 75.0 
0 348.0 811.0 35.0 77.0 
0 441.0 394.0 25.0 29.0 
0 411.0 467.0 35.0 51.0 
0 426.0 525.0 66.0 47.0 
0 443.0 588.0 42.0 59.0 
0 388.0 654.0 16.0 36.0 
0 452.0 677.0 36.0 105.0 
0 385.0 925.0 29.0 56.0 
0 474.0 811.0 33.0 42.0 
0 501.0 930.0 70.0 70.0 
0 391.0 971.0 42.0 39.0 
0 483.0 715.0 34.0 73.0 
0 505.0 742.0 28.0 92.0 
0 510.0 481.0 27.0 91.0 
0 449.0 486.0 33.0 26.0 
0 473.0 400.0 32.0 23.0 
0 516.0 282.0 22.0 46.0 
0 527.0 390.0 13.0 30.0 
0 520.0 666.0 28.0 63.0 
0 498.0 672.0 19.0 49.0 
0 487.0 665.0 23.0 39.0 
0 535.0 826.0 89.0 59.0 
0 502.0 891.0 47.0 39.0 
0 546.0 904.0 68.0 54.0 
0 424.0 80.0 29.0 68.0 
0 388.0 30.0 24.0 84.0 
0 443.0 58.0 42.0 48.0 
0 485.0 61.0 35.0 44.0 
0 531.0 1.0 51.0 47.0 
0 536.0 64.0 39.0 62.0 
0 530.0 126.0 40.0 44.0 
0 600.0 1.0 33.0 60.0 
0 586.0 129.0 27.0 45.0 
0 570.0 129.0 21.0 55.0 
0 544.0 376.0 24.0 18.0 
0 585.0 420.0 56.0 38.0 
0 551.0 642.0 24.0 82.0 
0 574.0 687.0 23.0 41.0 
0 503.0 995.0 30.0 27.0 
0 597.0 331.0 37.0 62.0 
0 630.0 291.0 37.0 67.0 
0 585.0 67.0 29.0 35.0 
0 590.0 467.0 19.0 30.0 
0 594.0 490.0 28.0 16.0 
0 596.0 688.0 17.0 38.0 
0 612.0 722.0 67.0 37.0 
0 615.0 643.0 18.0 71.0 
0 591.0 768.0 41.0 27.0 
0 631.0 815.0 46.0 38.0 
0 683.0 772.0 30.0 65.0 
0 706.0 156.0 23.0 36.0 
0 699.0 270.0 26.0 57.0 
0 665.0 325.0 49.0 53.0 
0 674.0 304.0 24.0 22.0 
0 625.0 371.0 38.0 38.0 
0 654.0 390.0 17.0 31.0 
0 681.0 550.0 43.0 72.0 
0 648.0 558.0 27.0 79.0 
0 668.0 594.0 28.0 67.0 
0 658.0 653.0 25.0 52.0 
0 697.0 666.0 31.0 73.0 
0 680.0 899.0 31.0 32.0 
0 717.0 492.0 37.0 51.0 
0 665.0 436.0 25.0 68.0 
0 626.0 494.0 33.0 50.0 
0 717.0 351.0 36.0 98.0 
0 751.0 318.0 35.0 74.0 
0 785.0 353.0 32.0 45.0 
0 757.0 398.0 23.0 63.0 
0 783.0 798.0 39.0 35.0 
0 766.0 904.0 18.0 42.0 
0 787.0 891.0 32.0 35.0 
0 857.0 592.0 60.0 44.0 
0 862.0 564.0 44.0 23.0 
0 834.0 481.0 72.0 37.0 
0 830.0 431.0 55.0 51.0 
0 833.0 388.0 74.0 34.0 
0 865.0 314.0 25.0 67.0 
0 833.0 310.0 30.0 83.0 
0 784.0 920.0 51.0 55.0 
0 970.0 824.0 30.0 47.0 
0 942.0 63.0 43.0 89.0 
0 994.0 94.0 30.0 91.0 
