0 245.0 81.0 37.0 39.0 
0 142.0 244.0 34.0 59.0 
0 278.0 52.0 32.0 50.0 
0 1.0 157.0 56.0 111.0 
0 22.0 268.0 49.0 46.0 
0 36.0 317.0 34.0 59.0 
0 64.0 319.0 26.0 72.0 
0 90.0 353.0 43.0 61.0 
0 140.0 368.0 28.0 46.0 
0 290.0 311.0 34.0 46.0 
0 340.0 246.0 25.0 47.0 
0 250.0 166.0 46.0 63.0 
0 275.0 241.0 17.0 35.0 
0 220.0 156.0 28.0 27.0 
0 296.0 73.0 72.0 51.0 
0 277.0 128.0 38.0 70.0 
0 237.0 305.0 24.0 25.0 
0 172.0 325.0 28.0 28.0 
0 206.0 255.0 23.0 27.0 
0 116.0 268.0 27.0 44.0 
0 76.0 257.0 32.0 53.0 
