0 370.0 36.0 96.0 67.0 
0 376.0 131.0 50.0 101.0 
0 412.0 138.0 46.0 105.0 
0 454.0 164.0 58.0 107.0 
0 524.0 179.0 66.0 114.0 
0 558.0 104.0 50.0 102.0 
0 599.0 19.0 78.0 54.0 
0 605.0 71.0 70.0 63.0 
0 635.0 140.0 62.0 59.0 
0 659.0 173.0 58.0 73.0 
0 585.0 236.0 49.0 108.0 
0 696.0 235.0 61.0 57.0 
0 617.0 260.0 74.0 118.0 
0 663.0 292.0 68.0 115.0 
0 743.0 305.0 53.0 48.0 
0 765.0 326.0 51.0 57.0 
0 718.0 143.0 50.0 100.0 
0 762.0 75.0 68.0 51.0 
0 823.0 127.0 57.0 52.0 
0 818.0 226.0 51.0 64.0 
0 841.0 296.0 37.0 54.0 
0 879.0 355.0 39.0 70.0 
0 810.0 404.0 48.0 80.0 
0 692.0 366.0 64.0 95.0 
0 892.0 86.0 61.0 75.0 
0 892.0 1.0 58.0 65.0 
0 748.0 1.0 74.0 58.0 
0 671.0 1.0 59.0 105.0 
0 495.0 1.0 72.0 68.0 
0 461.0 61.0 62.0 86.0 
0 948.0 318.0 51.0 66.0 
0 929.0 403.0 53.0 56.0 
0 908.0 507.0 68.0 96.0 
0 770.0 440.0 46.0 92.0 
0 887.0 449.0 27.0 31.0 
0 485.0 285.0 57.0 68.0 
0 424.0 339.0 65.0 96.0 
0 461.0 380.0 68.0 106.0 
0 527.0 361.0 35.0 43.0 
0 554.0 346.0 65.0 83.0 
0 605.0 430.0 40.0 43.0 
0 536.0 425.0 37.0 64.0 
0 644.0 433.0 50.0 75.0 
0 672.0 463.0 49.0 62.0 
0 710.0 482.0 49.0 57.0 
0 787.0 531.0 28.0 45.0 
0 873.0 620.0 29.0 39.0 
0 940.0 625.0 44.0 48.0 
0 507.0 474.0 61.0 101.0 
0 468.0 500.0 49.0 99.0 
0 594.0 583.0 45.0 81.0 
0 541.0 589.0 55.0 103.0 
0 503.0 611.0 43.0 66.0 
0 623.0 534.0 43.0 86.0 
0 651.0 524.0 69.0 108.0 
0 714.0 575.0 56.0 106.0 
0 767.0 586.0 35.0 63.0 
0 800.0 589.0 60.0 118.0 
0 861.0 675.0 63.0 125.0 
0 899.0 759.0 35.0 42.0 
0 959.0 733.0 65.0 73.0 
0 940.0 667.0 59.0 60.0 
0 775.0 716.0 50.0 62.0 
0 722.0 726.0 39.0 56.0 
0 634.0 733.0 78.0 80.0 
0 585.0 704.0 77.0 75.0 
0 540.0 701.0 61.0 63.0 
0 776.0 782.0 44.0 68.0 
0 709.0 776.0 54.0 73.0 
0 818.0 848.0 58.0 54.0 
0 984.0 838.0 40.0 68.0 
0 921.0 859.0 40.0 54.0 
0 699.0 852.0 53.0 95.0 
0 736.0 896.0 52.0 71.0 
0 651.0 827.0 31.0 42.0 
0 590.0 824.0 63.0 135.0 
0 391.0 482.0 61.0 56.0 
0 319.0 500.0 71.0 79.0 
0 257.0 657.0 70.0 59.0 
0 194.0 631.0 89.0 80.0 
0 136.0 629.0 81.0 89.0 
0 128.0 739.0 58.0 124.0 
0 181.0 768.0 67.0 107.0 
0 292.0 770.0 49.0 110.0 
0 340.0 774.0 67.0 129.0 
0 476.0 796.0 41.0 70.0 
0 558.0 821.0 40.0 76.0 
0 96.0 723.0 34.0 32.0 
0 436.0 680.0 59.0 61.0 
0 405.0 536.0 63.0 61.0 
0 416.0 639.0 40.0 47.0 
0 876.0 932.0 59.0 62.0 
0 814.0 957.0 41.0 61.0 
0 989.0 937.0 32.0 42.0 
0 477.0 913.0 73.0 55.0 
0 421.0 872.0 71.0 64.0 
0 512.0 959.0 55.0 60.0 
0 381.0 951.0 48.0 73.0 
0 333.0 903.0 65.0 114.0 
