0 181.0 99.0 30.0 63.0 
0 193.0 191.0 40.0 57.0 
0 156.0 238.0 75.0 29.0 
0 239.0 139.0 50.0 62.0 
0 205.0 51.0 66.0 41.0 
0 224.0 80.0 33.0 53.0 
0 270.0 132.0 76.0 38.0 
0 336.0 97.0 62.0 57.0 
0 367.0 184.0 38.0 91.0 
0 275.0 299.0 48.0 80.0 
0 160.0 307.0 61.0 43.0 
0 235.0 333.0 45.0 82.0 
0 0.0 159.0 55.0 65.0 
0 17.0 251.0 43.0 28.0 
0 38.0 288.0 61.0 70.0 
0 90.0 195.0 45.0 49.0 
0 85.0 117.0 53.0 38.0 
0 59.0 73.0 37.0 58.0 
0 3.0 106.0 64.0 37.0 
0 272.0 43.0 34.0 41.0 
0 268.0 6.0 35.0 47.0 
0 309.0 213.0 44.0 76.0 
0 242.0 251.0 68.0 45.0 
